ProgrammingProjects/Project#02/input/3c1b_geom.txt
new
 -- 6 -- 
 -- 0.169006 -- 
 -- 3.12334 -- 
 -- -0.334555 -- 
 -- 6 -- 
 -- -0.0386422 -- 
 -- 0.420623 -- 
 -- 0.752043 -- 
 -- 6 -- 
 -- 2.0569 -- 
 -- -1.37587 -- 
 -- -0.148606 -- 
 -- 6 -- 
 -- 4.472 -- 
 -- -0.858564 -- 
 -- -0.0315571 -- 
 -- 1 -- 
 -- 5.19686 -- 
 -- 0.907437 -- 
 -- 0.69741 -- 
 -- 1 -- 
 -- -1.38228 -- 
 -- 4.27995 -- 
 -- 0.347332 -- 
 -- 1 -- 
 -- 5.87621 -- 
 -- -2.202 -- 
 -- -0.662596 -- 
 -- 1 -- 
 -- 1.41022 -- 
 -- -3.17636 -- 
 -- -0.87858 -- 
 -- 1 -- 
 -- -0.050505 -- 
 -- 0.508468 -- 
 -- 2.81796 -- 
 -- 1 -- 
 -- 0.119174 -- 
 -- 3.08147 -- 
 -- -2.38484 -- 
 -- 1 -- 
 -- 1.93785 -- 
 -- 3.97109 -- 
 -- 0.269245 -- 
 -- 17 -- 
 -- -3.12136 -- 
 -- -0.895719 -- 
 -- -0.0958753 -- 
Distance is : 2.84511 for acetaldehyde 
Angle is 0.598095
Out of plane Angle is 1.5708
The COM is 2.26591 0 1.30822
cross products are:        0
-0.82641
       0        0
0.475278
       0
The torsional angle is 0.655358
3c1b_output
The Hessian matrix we have read is of the size: 432
    0.865787   -0.0193724   0.00372856
   -0.103465  -0.00539155   0.00648066
  0.00508778    0.0279026   -0.0110307
 0.000528752  0.000854134  0.000720562
-8.62171e-05   0.00122192 -0.000364363
   -0.302982     0.165196    0.0995177
 0.000407834 -0.000766312  0.000601825
 -0.00330864   0.00187067  0.000739244
  0.00255319  0.000528603  0.000847463
    -0.08015  0.000547765  -0.00992693
   -0.365696    -0.136039   -0.0986442
  -0.0186761   -0.0365525   0.00733018
  -0.0193724     0.717636     0.054148
  -0.0103691    -0.273367    0.0732952
   0.0060739   -0.0239076   0.00662344
 -0.00267178  0.000184198  0.000372111
-3.41409e-05 -0.000498682  0.000485635
    0.166836    -0.194568   -0.0748221
-0.000553223  0.000152251  -0.00106917
 0.000927411 -0.000463561  0.000528839
  0.00026382   0.00213045  -0.00274118
  0.00121047   -0.0749535   -0.0123598
   -0.135261     -0.13879   -0.0478352
 -0.00705031   -0.0135553   0.00337426
  0.00372856     0.054148     0.849544
  0.00984072    0.0669074    -0.148333
 -0.00196317   -0.0143396   0.00882014
-0.000185292  -0.00082002   0.00022468
  1.2906e-05 -0.000394416  0.000714772
   0.0983284    -0.074855    -0.124052
-1.32273e-05  0.000616695 -0.000889627
  0.00213008   -0.0010003  -0.00126426
  0.00409533    0.0447441  -0.00920758
  -0.0097938   -0.0138998    -0.468347
  -0.0992958    -0.048889     -0.11234
 -0.00688474    -0.012218   0.00513001
   -0.103465   -0.0103691   0.00984072
    0.569517   -0.0336197   -0.0221243
   -0.201053    0.0906274    0.0487257
  -0.0279327    0.0249313    0.0141137
   0.0014505 -0.000535995 -0.000747667
  0.00690846    0.0307834   -0.0166408
 -0.00313106  -0.00118566  0.000188803
  0.00712418  -0.00892218   -0.0052341
  -0.0589137    0.0042393  0.000676057
-0.000821931   0.00174854 -0.000362514
 2.94054e-05   -0.0331671    0.0157451
   -0.189712   -0.0645303   -0.0441807
 -0.00539155    -0.273367    0.0669074
  -0.0336197     0.632632   0.00477609
   0.0802723    -0.188907   -0.0443757
-0.000382153    0.0115926   0.00110778
 -0.00015293  -0.00108337   0.00468449
 -0.00849336   -0.0217251    0.0116278
 -0.00260679   0.00137527  -0.00628323
   0.0280827   -0.0110859  -0.00906171
   0.0038615   -0.0692239   -0.0146147
-0.000512314   0.00249879  -0.00244297
  0.00186901   -0.0135016   0.00690821
  -0.0629268   -0.0692042   -0.0192336
  0.00648066    0.0732952    -0.148333
  -0.0221243   0.00477609     0.771393
   0.0480093   -0.0469094    -0.125168
  0.00078065 -0.000948949   0.00715025
-0.000808522   0.00440981  -0.00953596
  -0.0022557   -0.0142806   0.00659413
-0.000408123  -0.00617861    0.0145968
   0.0114589  -0.00634421   0.00227911
  0.00563198   -0.0196859    -0.453781
  0.00421204    0.0469229  -0.00847593
-0.000154572   -0.0130077   0.00486955
  -0.0508223   -0.0220486   -0.0615893
  0.00508778    0.0060739  -0.00196317
   -0.201053    0.0802723    0.0480093
      1.1787     0.163747    0.0193991
   -0.807783    -0.143512   -0.0306473
 -0.00498028   0.00439893    0.0027271
-0.000257581  -0.00184694   0.00144759
  -0.0187657   -0.0151595  -0.00501127
     -0.1125    -0.111742   -0.0431251
 -0.00230781   0.00538537   0.00252098
 0.000165378  -0.00123227  0.000248826
 0.000240738  8.06558e-05 -0.000138898
  -0.0365443    0.0135356   0.00653277
   0.0279026   -0.0239076   -0.0143396
   0.0906274    -0.188907   -0.0469094
    0.163747     0.757151     0.231134
   -0.149746    -0.186297   -0.0400346
  -0.0380973   0.00427704 -0.000121457
  -0.0013956  -0.00462761   0.00304843
   0.0293948     0.013267  0.000591103
   -0.109222    -0.380902    -0.133447
  0.00391324  0.000333582  0.000385994
 -6.0563e-05   0.00257301 -0.000943617
-0.000137771   0.00223643 -0.000532942
  -0.0169256   0.00480351   0.00116954
  -0.0110307   0.00662344   0.00882014
   0.0487257   -0.0443757    -0.125168
   0.0193991     0.231134     0.297277
  -0.0314785    -0.040046   -0.0904084
  -0.0156079  -0.00175848   0.00860004
  0.00117904   0.00336301 -0.000682035
   0.0138691   0.00250595   0.00885749
  -0.0428671    -0.132975     -0.10876
   0.0301273    -0.026658  -0.00413907
-0.000766141 -0.000309832   0.00117712
-7.22446e-05 -5.27653e-05 -2.37184e-05
  -0.0114778    0.0025491   0.00444857
 0.000528752  -0.00267178 -0.000185292
  -0.0279327 -0.000382153   0.00078065
   -0.807783    -0.149746   -0.0314785
     1.23578    0.0851499  -0.00871598
   -0.129702    -0.118545   -0.0478349
 0.000158232 -0.000402794  0.000155383
   -0.262713     0.180918    0.0858033
 -0.00714938   0.00597854   0.00299989
  0.00151226   -0.0016491  -0.00184042
-8.26092e-05 -2.73268e-05  3.97449e-05
-0.000576295  7.63471e-05 -0.000149901
 -0.00204433    0.0013015   0.00042601
 0.000854134  0.000184198  -0.00082002
   0.0249313    0.0115926 -0.000948949
   -0.143512    -0.186297    -0.040046
   0.0851499      0.80236     0.270728
   -0.114611    -0.375588    -0.133389
 1.94716e-05 -0.000238789  0.000168541
    0.176862    -0.254363   -0.0945847
  -0.0378162   0.00392762  -0.00112553
  0.00176914 -0.000763471  5.08704e-05
-0.000145603 -6.58032e-05 -6.33398e-05
  0.00103964 -0.000442145    0.0001992
   0.0054591 -0.000306569 -0.000169448
 0.000720562  0.000372111   0.00022468
   0.0141137   0.00110778   0.00715025
  -0.0306473   -0.0400346   -0.0904084
 -0.00871598     0.270728     0.276172
  -0.0459743    -0.133377    -0.109262
-0.000203477 -0.000347729  0.000239087
   0.0841099   -0.0946568   -0.0943634
  -0.0152428  -0.00286088   0.00956735
-0.000237739 -7.09852e-05  0.000749054
 9.64361e-05  -0.00022447  6.68324e-05
  2.7432e-06 -0.000106484 -8.18779e-05
  0.00197829 -0.000528926 -5.45613e-05
-8.62171e-05 -3.41409e-05   1.2906e-05
   0.0014505  -0.00015293 -0.000808522
 -0.00498028   -0.0380973   -0.0156079
   -0.129702    -0.114611   -0.0459743
    0.124608     0.127147    0.0511682
 0.000140393  1.03369e-05  8.15999e-05
    0.013798    0.0247835    0.0102242
 -0.00536275  -7.1021e-05  0.000899263
 0.000196021 -0.000128847  3.06217e-05
 2.80197e-05   7.0612e-06   7.0894e-06
-0.000634926    0.0008394 -0.000167646
 0.000545149   0.00030816  0.000134513
  0.00122192 -0.000498682 -0.000394416
-0.000535995  -0.00108337   0.00440981
  0.00439893   0.00427704  -0.00175848
   -0.118545    -0.375588    -0.133377
    0.127147     0.380171     0.142569
 -0.00013862 -0.000199985   8.1807e-06
  -0.0149341  -0.00928095  -0.00513588
-0.000321883   0.00254695  -0.00663586
-1.92135e-05  0.000287751  5.69626e-05
 2.05892e-05  3.62682e-05 -7.60738e-05
  0.00137276 -0.000596171   0.00026155
 0.000333993 -7.20764e-05  7.26502e-05
-0.000364363  0.000485635  0.000714772
-0.000747667   0.00468449  -0.00953596
   0.0027271 -0.000121457   0.00860004
  -0.0478349    -0.133389    -0.109262
   0.0511682     0.142569    0.0929635
 0.000196968  0.000192443 -7.04152e-05
 -0.00680565  -0.00672756   0.00145217
 0.000832152  -0.00654179    0.0151859
  0.00103287  -0.00130302 -0.000318299
-8.23341e-05  -5.2699e-05  5.38933e-05
-0.000116306  0.000168086  0.000236893
 -6.1101e-06  3.57633e-05 -2.09058e-05
   -0.302982     0.166836    0.0983284
  0.00690846  -0.00849336   -0.0022557
-0.000257581   -0.0013956   0.00117904
 0.000158232  1.94716e-05 -0.000203477
 0.000140393  -0.00013862  0.000196968
    0.307849    -0.175087    -0.106128
  2.0795e-05  0.000221091 -0.000106984
 0.000358806 -0.000126986 -0.000242521
 0.000111889 -0.000123621 -0.000255795
  0.00561026  -0.00504094  -0.00615908
  -0.0185728    0.0240325    0.0157627
 0.000654578 -0.000703531 -0.000115939
    0.165196    -0.194568    -0.074855
   0.0307834   -0.0217251   -0.0142806
 -0.00184694  -0.00462761   0.00336301
-0.000402794 -0.000238789 -0.000347729
 1.03369e-05 -0.000199985  0.000192443
   -0.175087     0.201083    0.0758232
    4.74e-07  0.000370427 -0.000193424
   0.0010208 -0.000505799 -0.000262839
-0.000563199   0.00223638 -0.000914906
 -0.00226844   0.00175823   0.00322592
  -0.0178317    0.0141394   0.00845343
 0.000988756   0.00227725 -0.000203427
   0.0995177   -0.0748221    -0.124052
  -0.0166408    0.0116278   0.00659413
  0.00144759   0.00304843 -0.000682035
 0.000155383  0.000168541  0.000239087
 8.15999e-05   8.1807e-06 -7.04152e-05
   -0.106128    0.0758232     0.116531
   1.299e-07 -0.000124504  4.96643e-05
-0.000665213  0.000354211  0.000179919
-0.000436076 -0.000811235   0.00110758
   0.0357821   -0.0250928  -0.00557025
  -0.0131949    0.0102604   0.00563495
 8.01772e-05 -0.000440062  3.84224e-05
 0.000407834 -0.000553223 -1.32273e-05
 -0.00313106  -0.00260679 -0.000408123
  -0.0187657    0.0293948    0.0138691
   -0.262713     0.176862    0.0841099
    0.013798   -0.0149341  -0.00680565
  2.0795e-05     4.74e-07    1.299e-07
    0.268936    -0.188423   -0.0900214
  0.00207572  3.50312e-05 -0.000639756
 0.000314554 -6.00484e-05  -0.00013667
 1.53995e-05   8.4249e-05 -2.00702e-05
 2.53702e-05   6.5621e-05 -1.48322e-05
-0.000984005  0.000134748  8.06605e-05
-0.000766312  0.000152251  0.000616695
 -0.00118566   0.00137527  -0.00617861
  -0.0151595     0.013267   0.00250595
    0.180918    -0.254363   -0.0946568
   0.0247835  -0.00928095  -0.00672756
 0.000221091  0.000370427 -0.000124504
   -0.188423     0.248445    0.0993048
 0.000453313 -6.71863e-05   0.00530825
 0.000111764 -0.000444288 -0.000190915
 2.26225e-05  1.36253e-05  6.79818e-05
   7.606e-06  0.000273403  -2.6178e-05
-0.000983294  0.000258307   0.00010083
 0.000601825  -0.00106917 -0.000889627
 0.000188803  -0.00628323    0.0145968
 -0.00501127  0.000591103   0.00885749
   0.0858033   -0.0945847   -0.0943634
   0.0102242  -0.00513588   0.00145217
-0.000106984 -0.000193424  4.96643e-05
  -0.0900214    0.0993048    0.0801796
-0.000440803   0.00526976   -0.0101974
 -0.00169602   0.00196553  0.000481162
 9.21052e-05  0.000126704 -0.000100169
 3.30425e-05   3.1313e-05  3.00946e-05
 0.000333267 -2.27667e-05  -9.6372e-05
 -0.00330864  0.000927411   0.00213008
  0.00712418    0.0280827    0.0114589
     -0.1125    -0.109222   -0.0428671
 -0.00714938   -0.0378162   -0.0152428
 -0.00536275 -0.000321883  0.000832152
 0.000358806    0.0010208 -0.000665213
  0.00207572  0.000453313 -0.000440803
    0.119873     0.114768    0.0445688
 -0.00167553   0.00121447 -8.10306e-05
 6.03882e-05  -1.0774e-05   2.1683e-06
-6.75343e-05 -7.17438e-05   4.4236e-06
 0.000571435  0.000975725  0.000300356
  0.00187067 -0.000463561   -0.0010003
 -0.00892218   -0.0110859  -0.00634421
   -0.111742    -0.380902    -0.132975
  0.00597854   0.00392762  -0.00286088
 -7.1021e-05   0.00254695  -0.00654179
-0.000126986 -0.000505799  0.000354211
 3.50312e-05 -6.71863e-05   0.00526976
    0.114768      0.38604     0.143395
 0.000791623  -0.00110751  0.000190109
 -2.0965e-05   -8.784e-06   4.2889e-06
 3.89044e-05  0.000185142 -3.88294e-05
 -0.00259921   0.00144101  0.000547087
 0.000739244  0.000528839  -0.00126426
  -0.0052341  -0.00906171   0.00227911
  -0.0431251    -0.133447     -0.10876
  0.00299989  -0.00112553   0.00956735
 0.000899263  -0.00663586    0.0151859
-0.000242521 -0.000262839  0.000179919
-0.000639756   0.00530825   -0.0101974
   0.0445688     0.143395    0.0928236
 0.000830483  0.000447122 -0.000438969
 -8.9132e-06  8.78603e-05 -9.97406e-05
 1.76275e-05  -2.5781e-05  4.14351e-05
-0.000804929  0.000791785  0.000682891
  0.00255319   0.00026382   0.00409533
  -0.0589137    0.0038615   0.00563198
 -0.00230781   0.00391324    0.0301273
  0.00151226   0.00176914 -0.000237739
 0.000196021 -1.92135e-05   0.00103287
 0.000111889 -0.000563199 -0.000436076
 0.000314554  0.000111764  -0.00169602
 -0.00167553  0.000791623  0.000830483
   0.0743376  -0.00065159  -0.00525798
  0.00105202 -0.000687192  1.87264e-05
 0.000521411  0.000717195  1.86111e-05
  -0.0177019  -0.00950709   -0.0341275
 0.000528603   0.00213045    0.0447441
   0.0042393   -0.0692239   -0.0196859
  0.00538537  0.000333582    -0.026658
  -0.0016491 -0.000763471 -7.09852e-05
-0.000128847  0.000287751  -0.00130302
-0.000123621   0.00223638 -0.000811235
-6.00484e-05 -0.000444288   0.00196553
  0.00121447  -0.00110751  0.000447122
 -0.00065159    0.0742488     0.015564
 -0.00080104  -0.00796636   0.00121951
 0.000416611   0.00205927  -0.00100283
 -0.00837011  -0.00179077   -0.0144083
 0.000847463  -0.00274118  -0.00920758
 0.000676057   -0.0146147    -0.453781
  0.00252098  0.000385994  -0.00413907
 -0.00184042  5.08704e-05  0.000749054
 3.06217e-05  5.69626e-05 -0.000318299
-0.000255795 -0.000914906   0.00110758
 -0.00013667 -0.000190915  0.000481162
-8.10306e-05  0.000190109 -0.000438969
 -0.00525798     0.015564     0.462862
 0.000227241   0.00138966  0.000736145
 9.37361e-05 -0.000503786  0.000770034
  0.00317581   0.00132782   0.00117846
    -0.08015   0.00121047   -0.0097938
-0.000821931 -0.000512314   0.00421204
 0.000165378  -6.0563e-05 -0.000766141
-8.26092e-05 -0.000145603  9.64361e-05
 2.80197e-05  2.05892e-05 -8.23341e-05
  0.00561026  -0.00226844    0.0357821
 1.53995e-05  2.26225e-05  9.21052e-05
 6.03882e-05  -2.0965e-05  -8.9132e-06
  0.00105202  -0.00080104  0.000227241
   0.0684922  0.000369017     0.010338
  0.00498001   0.00152236   -0.0405348
 0.000650952  0.000663873  0.000438058
 0.000547765   -0.0749535   -0.0138998
  0.00174854   0.00249879    0.0469229
 -0.00123227   0.00257301 -0.000309832
-2.73268e-05 -6.58032e-05  -0.00022447
  7.0612e-06  3.62682e-05  -5.2699e-05
 -0.00504094   0.00175823   -0.0250928
  8.4249e-05  1.36253e-05  0.000126704
 -1.0774e-05   -8.784e-06  8.78603e-05
-0.000687192  -0.00796636   0.00138966
 0.000369017     0.073704     0.010377
  0.00315816  0.000608744   -0.0184828
  0.00108371   0.00180178 -0.000841707
 -0.00992693   -0.0123598    -0.468347
-0.000362514  -0.00244297  -0.00847593
 0.000248826 -0.000943617   0.00117712
 3.97449e-05 -6.33398e-05  6.68324e-05
  7.0894e-06 -7.60738e-05  5.38933e-05
 -0.00615908   0.00322592  -0.00557025
-2.00702e-05  6.79818e-05 -0.000100169
  2.1683e-06   4.2889e-06 -9.97406e-05
 1.87264e-05   0.00121951  0.000736145
    0.010338     0.010377     0.483863
  0.00627013   0.00195856  -0.00416396
-0.000456096 -0.000967411  0.000860853
   -0.365696    -0.135261   -0.0992958
 2.94054e-05   0.00186901 -0.000154572
 0.000240738 -0.000137771 -7.22446e-05
-0.000576295   0.00103964   2.7432e-06
-0.000634926   0.00137276 -0.000116306
  -0.0185728   -0.0178317   -0.0131949
 2.53702e-05    7.606e-06  3.30425e-05
-6.75343e-05  3.89044e-05  1.76275e-05
 0.000521411  0.000416611  9.37361e-05
  0.00498001   0.00315816   0.00627013
    0.377751     0.144672     0.106161
  0.00199961  0.000655785  0.000256062
   -0.136039     -0.13879    -0.048889
  -0.0331671   -0.0135016   -0.0130077
 8.06558e-05   0.00223643 -5.27653e-05
 7.63471e-05 -0.000442145 -0.000106484
   0.0008394 -0.000596171  0.000168086
   0.0240325    0.0141394    0.0102604
  6.5621e-05  0.000273403   3.1313e-05
-7.17438e-05  0.000185142  -2.5781e-05
 0.000717195   0.00205927 -0.000503786
  0.00152236  0.000608744   0.00195856
    0.144672     0.139454    0.0484163
 -0.00272829  -0.00562659   0.00175086
  -0.0986442   -0.0478352     -0.11234
   0.0157451   0.00690821   0.00486955
-0.000138898 -0.000532942 -2.37184e-05
-0.000149901    0.0001992 -8.18779e-05
-0.000167646   0.00026155  0.000236893
   0.0157627   0.00845343   0.00563495
-1.48322e-05  -2.6178e-05  3.00946e-05
  4.4236e-06 -3.88294e-05  4.14351e-05
 1.86111e-05  -0.00100283  0.000770034
  -0.0405348   -0.0184828  -0.00416396
    0.106161    0.0484163     0.104685
  0.00195896   0.00367999  0.000341748
  -0.0186761  -0.00705031  -0.00688474
   -0.189712   -0.0629268   -0.0508223
  -0.0365443   -0.0169256   -0.0114778
 -0.00204433    0.0054591   0.00197829
 0.000545149  0.000333993  -6.1101e-06
 0.000654578  0.000988756  8.01772e-05
-0.000984005 -0.000983294  0.000333267
 0.000571435  -0.00259921 -0.000804929
  -0.0177019  -0.00837011   0.00317581
 0.000650952   0.00108371 -0.000456096
  0.00199961  -0.00272829   0.00195896
    0.261241    0.0937181    0.0629255
  -0.0365525   -0.0135553    -0.012218
  -0.0645303   -0.0692042   -0.0220486
   0.0135356   0.00480351    0.0025491
   0.0013015 -0.000306569 -0.000528926
  0.00030816 -7.20764e-05  3.57633e-05
-0.000703531   0.00227725 -0.000440062
 0.000134748  0.000258307 -2.27667e-05
 0.000975725   0.00144101  0.000791785
 -0.00950709  -0.00179077   0.00132782
 0.000663873   0.00180178 -0.000967411
 0.000655785  -0.00562659   0.00367999
   0.0937181    0.0799737    0.0278413
  0.00733018   0.00337426   0.00513001
  -0.0441807   -0.0192336   -0.0615893
  0.00653277   0.00116954   0.00444857
  0.00042601 -0.000169448 -5.45613e-05
 0.000134513  7.26502e-05 -2.09058e-05
-0.000115939 -0.000203427  3.84224e-05
 8.06605e-05   0.00010083  -9.6372e-05
 0.000300356  0.000547087  0.000682891
  -0.0341275   -0.0144083   0.00117846
 0.000438058 -0.000841707  0.000860853
 0.000256062   0.00175086  0.000341748
   0.0629255    0.0278413    0.0490802
mass matrix
  0.00181568   0.00181568   0.00181568
 5.11434e-05  5.11434e-05  5.11434e-05
 0.000945164  0.000945164  0.000945164
-0.000101241 -0.000101241 -0.000101241
           0            0            0
           0            0            0
 2.80717e-05  2.80717e-05  2.80717e-05
           0            0            0
           0            0            0
           0            0            0
-8.38659e-08 -8.38659e-08 -8.38659e-08
 9.15745e-08  9.15745e-08  9.15745e-08
  0.00181568   0.00181568   0.00181568
 5.11434e-05  5.11434e-05  5.11434e-05
 0.000945164  0.000945164  0.000945164
-0.000101241 -0.000101241 -0.000101241
           0            0            0
           0            0            0
 2.80717e-05  2.80717e-05  2.80717e-05
           0            0            0
           0            0            0
           0            0            0
-8.38659e-08 -8.38659e-08 -8.38659e-08
 9.15745e-08  9.15745e-08  9.15745e-08
  0.00181568   0.00181568   0.00181568
 5.11434e-05  5.11434e-05  5.11434e-05
 0.000945164  0.000945164  0.000945164
-0.000101241 -0.000101241 -0.000101241
           0            0            0
           0            0            0
 2.80717e-05  2.80717e-05  2.80717e-05
           0            0            0
           0            0            0
           0            0            0
-8.38659e-08 -8.38659e-08 -8.38659e-08
 9.15745e-08  9.15745e-08  9.15745e-08
           0            0            0
           0            0            0
           0            0            0
           0            0            0
           0            0            0
           0            0            0
           0            0            0
           0            0            0
           0            0            0
           0            0            0
           0            0            0
           0            0            0
           0            0            0
           0            0            0
           0            0            0
           0            0            0
           0            0            0
           0            0            0
           0            0            0
           0            0            0
           0            0            0
           0            0            0
           0            0            0
           0            0            0
           0            0            0
           0            0            0
           0            0            0
           0            0            0
           0            0            0
           0            0            0
           0            0            0
           0            0            0
           0            0            0
           0            0            0
           0            0            0
           0            0            0
           0            0            0
           0            0            0
           0            0            0
           0            0            0
           0            0            0
           0            0            0
           0            0            0
           0            0            0
           0            0            0
           0            0            0
           0            0            0
           0            0            0
           0            0            0
           0            0            0
           0            0            0
           0            0            0
           0            0            0
           0            0            0
           0            0            0
           0            0            0
           0            0            0
           0            0            0
           0            0            0
           0            0            0
           0            0            0
           0            0            0
           0            0            0
           0            0            0
           0            0            0
           0            0            0
           0            0            0
           0            0            0
           0            0            0
           0            0            0
           0            0            0
           0            0            0
           0            0            0
           0            0            0
           0            0            0
           0            0            0
           0            0            0
           0            0            0
           0            0            0
           0            0            0
           0            0            0
           0            0            0
           0            0            0
           0            0            0
           0            0            0
           0            0            0
           0            0            0
           0            0            0
           0            0            0
           0            0            0
           0            0            0
           0            0            0
           0            0            0
           0            0            0
           0            0            0
           0            0            0
           0            0            0
           0            0            0
           0            0            0
           0            0            0
           0            0            0
           0            0            0
           0            0            0
           0            0            0
           0            0            0
           0            0            0
           0            0            0
           0            0            0
           0            0            0
           0            0            0
           0            0            0
           0            0            0
           0            0            0
           0            0            0
           0            0            0
           0            0            0
           0            0            0
           0            0            0
           0            0            0
           0            0            0
           0            0            0
           0            0            0
           0            0            0
           0            0            0
           0            0            0
           0            0            0
           0            0            0
           0            0            0
           0            0            0
           0            0            0
           0            0            0
           0            0            0
           0            0            0
           0            0            0
           0            0            0
           0            0            0
           0            0            0
           0            0            0
           0            0            0
           0            0            0
           0            0            0
           0            0            0
           0            0            0
           0            0            0
           0            0            0
           0            0            0
           0            0            0
           0            0            0
           0            0            0
           0            0            0
           0            0            0
           0            0            0
           0            0            0
           0            0            0
           0            0            0
           0            0            0
           0            0            0
           0            0            0
           0            0            0
           0            0            0
           0            0            0
           0            0            0
           0            0            0
           0            0            0
           0            0            0
           0            0            0
           0            0            0
           0            0            0
           0            0            0
           0            0            0
           0            0            0
           0            0            0
           0            0            0
           0            0            0
           0            0            0
           0            0            0
           0            0            0
           0            0            0
           0            0            0
           0            0            0
           0            0            0
           0            0            0
           0            0            0
           0            0            0
           0            0            0
           0            0            0
           0            0            0
           0            0            0
           0            0            0
           0            0            0
           0            0            0
           0            0            0
           0            0            0
           0            0            0
           0            0            0
           0            0            0
           0            0            0
           0            0            0
           0            0            0
           0            0            0
           0            0            0
           0            0            0
           0            0            0
           0            0            0
           0            0            0
           0            0            0
           0            0            0
           0            0            0
           0            0            0
           0            0            0
           0            0            0
           0            0            0
           0            0            0
           0            0            0
           0            0            0
           0            0            0
           0            0            0
           0            0            0
           0            0            0
           0            0            0
           0            0            0
           0            0            0
           0            0            0
           0            0            0
           0            0            0
           0            0            0
           0            0            0
           0            0            0
           0            0            0
           0            0            0
           0            0            0
           0            0            0
           0            0            0
           0            0            0
           0            0            0
           0            0            0
           0            0            0
           0            0            0
           0            0            0
           0            0            0
           0            0            0
           0            0            0
           0            0            0
           0            0            0
           0            0            0
           0            0            0
           0            0            0
           0            0            0
           0            0            0
           0            0            0
           0            0            0
           0            0            0
           0            0            0
           0            0            0
           0            0            0
           0            0            0
           0            0            0
           0            0            0
           0            0            0
           0            0            0
           0            0            0
           0            0            0
           0            0            0
           0            0            0
           0            0            0
           0            0            0
           0            0            0
           0            0            0
           0            0            0
           0            0            0
           0            0            0
           0            0            0
           0            0            0
           0            0            0
           0            0            0
           0            0            0
           0            0            0
           0            0            0
           0            0            0
           0            0            0
           0            0            0
           0            0            0
           0            0            0
           0            0            0
           0            0            0
           0            0            0
           0            0            0
           0            0            0
           0            0            0
           0            0            0
           0            0            0
           0            0            0
           0            0            0
           0            0            0
           0            0            0
           0            0            0
           0            0            0
           0            0            0
           0            0            0
           0            0            0
           0            0            0
           0            0            0
           0            0            0
           0            0            0
           0            0            0
           0            0            0
           0            0            0
           0            0            0
           0            0            0
           0            0            0
           0            0            0
           0            0            0
           0            0            0
           0            0            0
           0            0            0
           0            0            0
           0            0            0
           0            0            0
           0            0            0
           0            0            0
           0            0            0
           0            0            0
           0            0            0
           0            0            0
           0            0            0
           0            0            0
           0            0            0
           0            0            0
           0            0            0
           0            0            0
           0            0            0
           0            0            0
           0            0            0
           0            0            0
           0            0            0
           0            0            0
           0            0            0
           0            0            0
           0            0            0
           0            0            0
           0            0            0
           0            0            0
           0            0            0
           0            0            0
           0            0            0
           0            0            0
           0            0            0
           0            0            0
           0            0            0
           0            0            0
           0            0            0
           0            0            0
           0            0            0
           0            0            0
           0            0            0
           0            0            0
           0            0            0
           0            0            0
           0            0            0
           0            0            0
           0            0            0
           0            0            0
           0            0            0
           0            0            0
           0            0            0
           0            0            0
           0            0            0
           0            0            0
           0            0            0
           0            0            0
           0            0            0
           0            0            0
           0            0            0
           0            0            0
           0            0            0
           0            0            0
           0            0            0
           0            0            0
           0            0            0
           0            0            0
           0            0            0
           0            0            0
           0            0            0
           0            0            0
           0            0            0
           0            0            0
           0            0            0
           0            0            0
           0            0            0
           0            0            0
           0            0            0
           0            0            0
           0            0            0
           0            0            0
           0            0            0
           0            0            0
